format long g
d1 = 500;
d2 = 700;

x1 = 500;
x2 = 500;

d12 = x1 + x2;

a = (d1^2 - d2^2) / (2 * d12) + 1/2;

x = x1 * (2 * a - 1)

xcm = x/1
